{
  "BLEU-1": 0.26596713533487526,
  "BLEU-2": 0.16794900955593692,
  "BLEU-3": 0.11588151151901771,
  "BLEU-4": 0.08085843989033402,
  "CIDEr": 0.07768105996495495,
  "ROUGE-1": 0.29560088497094505,
  "ROUGE-2": 0.10818986347661412,
  "ROUGE-L": 0.2827787177095127,
  "ce_precision_macro": 0.2924993850688586,
  "ce_recall_macro": 0.22614844071872575,
  "ce_f1_macro": 0.21802220969067107,
  "ce_precision_micro": 0.47164422684618523,
  "ce_recall_micro": 0.32173671026996936,
  "ce_f1_micro": 0.3825281270681668,
  "ce_precision_example": 0.40497916666666667,
  "ce_recall_example": 0.29356026785714284,
  "ce_f1_example": 0.3168526785714285,
  "ce_num_examples": 1600.0,
  "CXR-BERT_cxr_bert_metric": 0.4131999627983896
}